0.pcd 7.99642e-05 3.74882e-05 0.000690481 0.937482 0.0139407 0.347755 3.95262e-05
1.pcd 0.507583 0.00273797 -0.00573779 0.937024 0.012755 0.349031 -0.00117003
2.pcd 1.00961 0.00593376 -0.0116993 0.936891 0.0121545 0.34939 -0.00371162
3.pcd 1.31051 -0.0614368 -0.0175941 0.933604 0.0446301 0.34348 -0.0917187
4.pcd 1.29497 -0.127889 -0.0169188 0.920485 0.0760282 0.336662 -0.183266
5.pcd 1.26694 -0.191828 -0.0162561 0.897764 0.107314 0.328077 -0.273621
6.pcd 1.23251 -0.247725 -0.0131013 0.867666 0.137024 0.314944 -0.359431
7.pcd 1.18354 -0.29041 -0.0128707 0.82953 0.164659 0.298993 -0.442008
8.pcd 1.12072 -0.323256 -0.0114553 0.780968 0.191999 0.279615 -0.524443
9.pcd 1.05355 -0.352271 -0.00929576 0.722516 0.218784 0.256355 -0.603645
10.pcd 1.03663 -0.860535 -0.0103793 0.684677 0.236281 0.242291 -0.645511
11.pcd 1.0771 -1.38802 -0.00615668 0.684375 0.234161 0.241977 -0.64672
12.pcd 1.1121 -1.91707 -0.00174072 0.683446 0.233177 0.24227 -0.647947
13.pcd 1.14407 -2.42406 0.00210074 0.682896 0.233517 0.240981 -0.648884
14.pcd 1.2024 -2.48421 0.00324805 0.736364 0.212749 0.262814 -0.586033
15.pcd 1.26508 -2.4614 0.00234288 0.787377 0.188237 0.28342 -0.51408
16.pcd 1.31996 -2.42746 0.00160633 0.829655 0.16291 0.301625 -0.44063
17.pcd 1.37024 -2.38296 0.00033899 0.866773 0.136605 0.314725 -0.361927
18.pcd 1.40756 -2.32608 -0.00261734 0.897628 0.107368 0.326925 -0.275418
19.pcd 1.4432 -2.2663 -0.00443875 0.919469 0.0767196 0.337911 -0.185762
20.pcd 1.45913 -2.20257 -0.00441449 0.932709 0.0462467 0.344706 -0.0953623
21.pcd 1.46791 -2.13708 -0.00402033 0.937192 0.0167074 0.348333 -0.00753902
22.pcd 1.98493 -2.10072 -0.0151268 0.937671 0.00912957 0.347145 0.0134479
23.pcd 2.4415 -2.0058 -0.0262081 0.9295 -0.0275732 0.348304 0.118131
24.pcd 2.41143 -1.93166 -0.0271017 0.909726 -0.0636599 0.344373 0.223056
25.pcd 2.36027 -1.87076 -0.0283364 0.879257 -0.0986541 0.33487 0.324095
26.pcd 2.29743 -1.82571 -0.0252533 0.838208 -0.133346 0.32003 0.420959
27.pcd 2.23377 -1.79394 -0.0267267 0.788228 -0.164399 0.302979 0.509778
28.pcd 2.16575 -1.77495 -0.0235786 0.732594 -0.192357 0.284196 0.587824
29.pcd 2.10217 -1.77252 -0.0197849 0.677597 -0.214871 0.265907 0.651142
30.pcd 2.02627 -1.26447 -0.0182397 0.643504 -0.226347 0.254204 0.685601
31.pcd 1.99194 -0.755357 -0.021058 0.644094 -0.224293 0.254586 0.685582
32.pcd 1.96135 -0.240669 -0.0233122 0.644956 -0.226227 0.253871 0.684399
33.pcd 1.93087 0.279209 -0.0255164 0.645091 -0.227479 0.255086 0.683404
34.pcd 1.90689 0.785195 -0.0262696 0.644932 -0.225426 0.255516 0.684074
35.pcd 1.87941 1.28799 -0.0268408 0.645516 -0.224167 0.255292 0.68402
36.pcd 1.89647 1.7984 -0.0281622 0.674721 -0.214842 0.26453 0.65469
37.pcd 1.91388 2.31474 -0.0312602 0.675974 -0.216328 0.264969 0.652728
38.pcd 1.84974 2.8174 -0.0314072 0.636937 -0.230081 0.250029 0.691997
39.pcd 1.87528 3.32376 -0.0381974 0.671606 -0.219957 0.26341 0.656643
40.pcd 1.88661 3.82404 -0.036809 0.672569 -0.217069 0.265151 0.655917
41.pcd 1.90227 4.33211 -0.0402152 0.672517 -0.216081 0.265026 0.656347
42.pcd 1.99104 4.56701 -0.0468936 0.739939 -0.189409 0.289046 0.57712
43.pcd 2.06279 4.54868 -0.0472295 0.798467 -0.158544 0.309881 0.49121
44.pcd 2.1255 4.5163 -0.0499724 0.844832 -0.128584 0.324957 0.405127
45.pcd 2.1811 4.47615 -0.0509691 0.880479 -0.0983365 0.335851 0.319829
46.pcd 2.22633 4.42576 -0.0523612 0.906758 -0.0685436 0.343967 0.23405
47.pcd 2.26264 4.3678 -0.050655 0.92543 -0.0378087 0.348433 0.144033
48.pcd 2.28467 4.30124 -0.0526982 0.93505 -0.00712933 0.349979 0.0560802
49.pcd 2.79778 4.23221 -0.0627661 0.936915 0.0162833 0.349009 -0.0108153
50.pcd 3.30487 4.22143 -0.0752429 0.937194 0.0159714 0.348173 -0.0136952
51.pcd 3.34175 4.1416 -0.0759852 0.930896 0.0498423 0.344873 -0.109596
52.pcd 3.32431 4.07901 -0.0743952 0.916378 0.0809526 0.336999 -0.200324
53.pcd 3.29675 4.01923 -0.0735638 0.893335 0.111693 0.325979 -0.288468
54.pcd 3.2531 3.9648 -0.0708637 0.861323 0.140429 0.311823 -0.375723
55.pcd 3.20218 3.92189 -0.0696771 0.821785 0.168514 0.294644 -0.457665
56.pcd 3.15079 3.89327 -0.0692497 0.778433 0.192798 0.277347 -0.529102
57.pcd 3.08716 3.87277 -0.0669425 0.724988 0.216903 0.256586 -0.601256
58.pcd 3.11531 3.36393 -0.0630884 0.698924 0.227535 0.246875 -0.631495
59.pcd 3.16551 2.8629 -0.0639661 0.697198 0.231647 0.247809 -0.631542
60.pcd 3.19687 2.35052 -0.0618945 0.681127 0.235665 0.240167 -0.650268
61.pcd 3.20077 1.84936 -0.056673 0.672593 0.238004 0.235292 -0.660008
62.pcd 3.21275 1.34836 -0.055268 0.671688 0.239381 0.235882 -0.660221
63.pcd 3.22748 0.840728 -0.0541642 0.670428 0.2391 0.237201 -0.66113
64.pcd 3.23804 0.332423 -0.0532327 0.669945 0.241487 0.237495 -0.660647
65.pcd 3.24841 -0.183326 -0.0512539 0.669589 0.241133 0.235574 -0.661823
66.pcd 3.25439 -0.687692 -0.0486762 0.669116 0.24217 0.235363 -0.661998
67.pcd 3.26208 -1.19412 -0.0453895 0.669059 0.239557 0.233213 -0.663765
68.pcd 3.27209 -1.69469 -0.0450036 0.667549 0.241387 0.234914 -0.664023
69.pcd 3.27997 -2.19558 -0.0428912 0.666174 0.241171 0.234251 -0.665715
70.pcd 3.29238 -2.69728 -0.0403501 0.666817 0.240315 0.233485 -0.665649
71.pcd 3.35866 -2.97027 -0.0385627 0.72362 0.219581 0.254624 -0.602764
72.pcd 3.41722 -2.94642 -0.0404985 0.777679 0.195878 0.277336 -0.529086
73.pcd 3.47692 -2.91452 -0.0420732 0.820254 0.171782 0.295343 -0.458745
74.pcd 3.53355 -2.86259 -0.0468689 0.863927 0.141187 0.313573 -0.367925
75.pcd 3.5762 -2.8034 -0.0448985 0.897689 0.109697 0.326327 -0.275012
76.pcd 3.60712 -2.73201 -0.0467512 0.921576 0.0757215 0.337447 -0.17633
77.pcd 3.62529 -2.65797 -0.0456912 0.934947 0.0398856 0.344391 -0.0753548
78.pcd 3.62949 -2.58128 -0.0457173 0.937252 0.00480781 0.347625 0.0263251
79.pcd 4.13601 -2.51931 -0.0632109 0.934899 0.00102583 0.352433 0.0418855
80.pcd 4.63551 -2.46362 -0.0722677 0.936951 -0.000621705 0.347153 0.0400906
81.pcd 5.13704 -2.41647 -0.0814829 0.936566 -0.00128136 0.348207 0.0399315
82.pcd 5.29492 -2.33156 -0.0825889 0.927889 -0.0334361 0.346737 0.132959
83.pcd 5.27068 -2.27209 -0.0839013 0.91142 -0.0622187 0.343119 0.21843
84.pcd 5.23567 -2.22499 -0.0863372 0.885922 -0.092178 0.335619 0.306603
85.pcd 5.18359 -2.18274 -0.0856798 0.852409 -0.121673 0.324911 0.391187
86.pcd 5.13007 -2.14943 -0.0861115 0.813852 -0.147647 0.312392 0.46718
87.pcd 5.06373 -2.12837 -0.0847486 0.762285 -0.177025 0.295133 0.548161
88.pcd 5.00684 -2.11454 -0.0816342 0.711895 -0.200791 0.277295 0.613185
89.pcd 5.00352 -1.60386 -0.0849173 0.685567 -0.211816 0.267954 0.642909
90.pcd 4.94023 -1.10523 -0.0842671 0.648596 -0.224991 0.255052 0.680919
91.pcd 4.95399 -0.583472 -0.0852155 0.668373 -0.217797 0.259926 0.662027
92.pcd 4.96222 -0.0572596 -0.0886886 0.670801 -0.217829 0.260614 0.659285
93.pcd 4.96832 0.4466 -0.0891516 0.672475 -0.217416 0.260019 0.65795
94.pcd 4.98121 0.952598 -0.0930314 0.671806 -0.220655 0.264545 0.655747
95.pcd 4.99556 1.46488 -0.0947782 0.673545 -0.217152 0.263071 0.655725
96.pcd 4.94773 1.96455 -0.0963097 0.633801 -0.230897 0.250123 0.694566
97.pcd 4.9032 2.47677 -0.0975916 0.634426 -0.22947 0.250849 0.694206
98.pcd 4.91289 2.98777 -0.102898 0.666217 -0.21924 0.262879 0.662558
99.pcd 4.91977 3.49751 -0.105649 0.667954 -0.218583 0.263041 0.66096
100.pcd 4.9282 4.02077 -0.107248 0.669268 -0.21906 0.263332 0.659355
101.pcd 4.93935 4.52425 -0.113026 0.669741 -0.219968 0.265405 0.65774
102.pcd 5.00483 4.51584 -0.113021 0.72941 -0.195219 0.285976 0.589973
103.pcd 5.06965 4.50594 -0.114054 0.782464 -0.168552 0.303524 0.516927
104.pcd 5.12853 4.48423 -0.117823 0.828371 -0.141274 0.318063 0.438953
105.pcd 5.18404 4.44907 -0.116538 0.867103 -0.112169 0.330172 0.35572
106.pcd 5.23586 4.40642 -0.114463 0.897445 -0.0817507 0.339428 0.269624
107.pcd 5.27282 4.35043 -0.117286 0.91923 -0.0510101 0.346553 0.179763
108.pcd 5.30174 4.29478 -0.118016 0.931675 -0.0222306 0.349891 0.0952027
109.pcd 5.32066 4.22978 -0.11765 0.936845 0.00825899 0.34947 0.0110838
110.pcd 5.32242 4.15486 -0.119832 0.932994 0.0405771 0.347542 -0.0841965
111.pcd 5.716 3.96891 -0.129849 0.921432 0.0725332 0.341574 -0.170379
112.pcd 5.71743 3.89709 -0.125596 0.90209 0.101569 0.331271 -0.257249
113.pcd 5.75793 3.78401 -0.126001 0.874573 0.131143 0.317858 -0.341891
114.pcd 5.83837 3.59681 -0.129815 0.839032 0.159899 0.305152 -0.421118
115.pcd 5.83557 3.4705 -0.132018 0.797344 0.186609 0.288296 -0.496292
116.pcd 5.8147 3.35692 -0.131347 0.74893 0.210101 0.268876 -0.568037
117.pcd 5.80161 3.10516 -0.125766 0.697583 0.228572 0.245586 -0.633104
118.pcd 5.75628 2.60478 -0.123969 0.657779 0.242126 0.230808 -0.674855
119.pcd 5.74628 2.09548 -0.115664 0.657457 0.24107 0.228047 -0.676484
120.pcd 5.73233 1.58906 -0.114055 0.6567 0.243641 0.229225 -0.6759
121.pcd 5.71168 1.08447 -0.110319 0.639904 0.248464 0.222685 -0.692243
122.pcd 5.63564 0.578629 -0.108849 0.618872 0.255908 0.215874 -0.710567
123.pcd 5.54778 0.0848345 -0.103258 0.603064 0.259515 0.210316 -0.724385
124.pcd 5.52797 -0.417985 -0.100831 0.633355 0.251182 0.222375 -0.697365
125.pcd 5.48567 -0.920846 -0.0998984 0.632666 0.251226 0.224282 -0.697364
126.pcd 5.44056 -1.43386 -0.100177 0.633326 0.251202 0.222402 -0.697376
127.pcd 5.38234 -1.94158 -0.0988297 0.618846 0.257612 0.21668 -0.709729
128.pcd 5.26882 -2.15202 -0.0939133 0.545359 0.274793 0.187248 -0.769422
129.pcd 5.13558 -2.30935 -0.088389 -0.473202 -0.289632 -0.159462 0.816557
130.pcd 4.97352 -2.44668 -0.0815627 -0.398651 -0.301386 -0.132771 0.855929
131.pcd 4.75036 -2.56502 -0.0748838 -0.314888 -0.312058 -0.0985911 0.890924
132.pcd 4.50479 -2.63999 -0.0683986 -0.226579 -0.321804 -0.0643862 0.917038
133.pcd 4.28198 -2.65974 -0.0619235 -0.137474 -0.327282 -0.0323326 0.934314
134.pcd 4.06591 -2.63504 -0.0551198 -0.0487178 -0.326999 0.00243418 0.943765
135.pcd 3.55321 -2.6589 -0.0394985 -0.0283181 -0.326071 0.00941118 0.944874
136.pcd 3.05719 -2.57391 -0.0331652 0.04553 -0.328561 0.0364969 0.942679
137.pcd 2.85854 -2.46203 -0.0299435 0.149737 -0.320526 0.0753982 0.932286
138.pcd 2.75643 -2.33398 -0.0326526 0.24321 -0.312312 0.109021 0.911825
139.pcd 2.67019 -2.19691 -0.0335881 0.330553 -0.301059 0.139597 0.883522
140.pcd 2.61504 -2.03872 -0.0334786 0.419672 -0.286997 0.171066 0.843946
141.pcd 2.60002 -1.87668 -0.0317073 0.505092 -0.2688 0.202069 0.794856
142.pcd 2.62552 -1.71466 -0.0335397 0.585 -0.246905 0.231205 0.737128
143.pcd 2.6726 -1.55533 -0.0323215 0.651776 -0.2253 0.255365 0.677656
144.pcd 2.75434 -1.04739 -0.0386221 0.695113 -0.209258 0.270608 0.632297
145.pcd 2.69149 -1.56188 -0.0361006 0.67847 -0.215749 0.264561 0.65049
146.pcd 2.67067 -2.07637 -0.0329466 0.677109 -0.217241 0.266569 0.650593
147.pcd 2.68986 -1.56134 -0.0353557 0.68054 -0.21493 0.26506 0.648394
148.pcd 2.71357 -1.02406 -0.0376231 0.681489 -0.215101 0.265487 0.647164
149.pcd 2.73997 -0.509882 -0.0408648 0.682079 -0.213818 0.266663 0.646483
150.pcd 2.70214 0.00281072 -0.0444425 0.636649 -0.227919 0.250753 0.692715
151.pcd 2.67286 0.51602 -0.041355 0.65332 -0.222 0.255981 0.677025
152.pcd 2.65738 1.03997 -0.0425502 0.657393 -0.221415 0.254566 0.673799
153.pcd 2.64433 1.54801 -0.0433287 0.656999 -0.222589 0.257215 0.672791
154.pcd 2.63089 2.08976 -0.0464214 0.657975 -0.223557 0.257372 0.671454
155.pcd 2.62266 2.62129 -0.0488298 0.658228 -0.224311 0.257077 0.671068
156.pcd 2.60953 3.15826 -0.0503073 0.659398 -0.224255 0.257476 0.669784
157.pcd 2.60526 3.68379 -0.0506668 0.661025 -0.222756 0.256947 0.668882
158.pcd 2.52696 4.18526 -0.0502842 0.599533 -0.242371 0.237074 0.724992
159.pcd 2.43025 4.31656 -0.0483902 0.533928 -0.260188 0.214986 0.775245
160.pcd 2.30418 4.41263 -0.0453052 0.451567 -0.278836 0.184595 0.827202
161.pcd 2.14258 4.51216 -0.0396966 0.376211 -0.292825 0.155468 0.865187
162.pcd 2.05851 4.49637 -0.0389985 0.291771 -0.305829 0.124493 0.897686
163.pcd 1.98269 4.45852 -0.0359128 0.204709 -0.315061 0.092946 0.922058
164.pcd 1.90244 4.41172 -0.0338209 0.116808 -0.322422 0.0606096 0.937404
165.pcd 1.67976 4.38504 -0.0280394 0.025973 -0.325976 0.0268484 0.94464
166.pcd 1.57105 4.31042 -0.0261988 -0.0595041 -0.325999 -0.00512781 0.943482
167.pcd 1.06509 4.24662 -0.0165268 -0.0578606 -0.328831 -0.00258103 0.942611
168.pcd 0.938596 4.15918 -0.013012 -0.141064 -0.325474 -0.0339861 0.934351
169.pcd 0.897929 4.07153 -0.0110849 -0.226803 -0.321823 -0.0663544 0.916836
170.pcd 0.873986 3.97831 -0.010329 -0.310274 -0.314135 -0.0969454 0.891993
171.pcd 0.867204 3.88505 -0.00986093 -0.386786 -0.303696 -0.126635 0.861469
172.pcd 0.87539 3.79098 -0.00954328 -0.462572 -0.291431 -0.154063 0.823019
173.pcd 0.902662 3.6996 -0.00971165 0.533941 0.275691 0.182049 -0.778305
174.pcd 0.941744 3.61592 -0.0100611 0.599897 0.260021 0.208933 -0.727227
175.pcd 0.989279 3.32942 -0.0117193 0.659895 0.243505 0.2337 -0.671289
176.pcd 0.970524 2.81122 -0.0103685 0.643139 0.248493 0.223904 -0.688832
177.pcd 0.918097 2.29599 -0.00475434 0.633532 0.250751 0.218312 -0.698642
178.pcd 0.86498 1.76334 -0.00178366 0.631984 0.252671 0.219712 -0.698914
179.pcd 0.816575 1.23829 -0.00225962 0.630557 0.252015 0.222863 -0.699442
180.pcd 0.768566 0.700845 -0.00174681 0.630103 0.250658 0.220419 -0.701111
181.pcd 0.711928 0.168312 -0.00182208 0.629968 0.253796 0.219977 -0.700242
182.pcd 0.667506 -0.333949 0.000320588 0.630293 0.251198 0.219274 -0.701106
183.pcd 0.722769 -0.475337 0.00119737 0.698678 0.227231 0.244123 -0.632945
184.pcd 0.788533 -0.468573 -0.00206562 0.753247 0.204795 0.265298 -0.565945
185.pcd 0.861915 -0.447604 -0.00812058 0.808497 0.178377 0.288467 -0.480937
186.pcd 0.930288 -0.40469 -0.00810545 0.852356 0.149537 0.307104 -0.395999
187.pcd 0.983889 -0.357935 -0.00924903 0.885893 0.120778 0.322604 -0.310698
188.pcd 1.02882 -0.303427 -0.012675 0.911927 0.0900493 0.333852 -0.220959
189.pcd 1.06396 -0.237204 -0.0141386 0.92835 0.0588324 0.342317 -0.132377
190.pcd 1.08634 -0.157602 -0.0130467 0.936399 0.0230677 0.348871 -0.0302397
191.pcd 1.0945 -0.0920593 -0.0121366 0.935167 -0.00469519 0.349959 0.0544893
192.pcd 1.59627 0.022717 -0.0188448 0.935279 -0.00635419 0.348874 0.0591597
193.pcd 2.10466 0.00355586 -0.0307713 0.936827 0.0132438 0.349526 0.00322118
194.pcd 1.59932 0.0129478 -0.0205193 0.937134 0.0199093 0.348081 -0.0149157
195.pcd 1.08311 0.0243131 -0.011434 0.937393 0.015433 0.3478 -0.00953968
196.pcd 0.574925 0.04558 -0.00523314 0.937396 0.00843899 0.347869 0.0143086
197.pcd 0.0622483 0.0196586 0.00598678 0.937897 0.0096437 0.346355 0.0171621
198.pcd 0.165152 -0.0425982 -0.000497205 0.935232 0.0377489 0.345154 -0.0691669
199.pcd 0.289877 -0.134173 -0.00261556 0.924918 0.0670845 0.340178 -0.155899
200.pcd 0.354621 -0.248553 -0.00231777 0.904143 0.0999143 0.331023 -0.25093
201.pcd 0.458722 -0.403699 -1.40487e-05 0.876229 0.130021 0.317614 -0.338287
202.pcd 0.485768 -0.53304 -0.00132227 0.839216 0.160595 0.300616 -0.42374
203.pcd 0.498992 -0.668124 -0.00287058 0.794 0.187347 0.285544 -0.502922
204.pcd 0.481057 -0.820674 -0.000168207 0.744077 0.212447 0.266197 -0.574764
205.pcd 0.46795 -1.1738 -4.18746e-05 0.688291 0.235114 0.241845 -0.642252
206.pcd 0.391015 -1.67855 0.00249869 0.63631 0.251004 0.220836 -0.695225
207.pcd 0.35028 -2.19663 0.00663844 0.63636 0.251878 0.220698 -0.694907
208.pcd 0.301867 -2.7071 0.0112131 0.635283 0.253021 0.220967 -0.695392
209.pcd 0.350779 -2.95032 0.0144687 0.698694 0.23022 0.242799 -0.632355
210.pcd 0.412385 -2.935 0.0119309 0.753461 0.208369 0.264313 -0.564816
211.pcd 0.477648 -2.91356 0.00711909 0.80282 0.183483 0.284614 -0.490722
212.pcd 0.541545 -2.88285 0.010018 0.850757 0.151327 0.304993 -0.400365
213.pcd 0.69596 -2.93199 0.00421722 0.882548 0.126708 0.317944 -0.322438
214.pcd 0.876013 -2.98431 -0.00213312 0.907041 0.100361 0.328948 -0.242892
215.pcd 1.04921 -2.98823 -0.00188785 0.924258 0.0726411 0.338874 -0.160106
216.pcd 1.22735 -2.95691 -0.00449884 0.935041 0.0421966 0.34438 -0.072937
217.pcd 1.7305 -2.93892 -0.0138145 0.936537 0.021182 0.349498 -0.0173579
218.pcd 2.24835 -2.94257 -0.023392 0.937009 0.0182028 0.348581 -0.0131927
219.pcd 2.76445 -2.9148 -0.0313018 0.937525 0.00850283 0.347401 0.0169264
220.pcd 3.28476 -2.89166 -0.0430918 0.93743 0.00985183 0.347655 0.0162608
221.pcd 3.78737 -2.87954 -0.0541147 0.938705 0.0143326 0.344408 0.00319902
222.pcd 4.30098 -2.872 -0.0664168 0.938187 0.0135517 0.345861 -0.000634517
223.pcd 4.80367 -2.87498 -0.0768124 0.938144 0.0147635 0.345925 -0.00195425
224.pcd 5.31242 -2.87652 -0.0850227 0.937201 0.0148581 0.348451 -0.00386839
225.pcd 5.73414 -2.81358 -0.0885827 0.933753 -0.0154221 0.347232 0.0854199
226.pcd 5.71611 -2.74287 -0.0915024 0.921021 -0.0467514 0.344698 0.175266
227.pcd 5.68569 -2.69225 -0.0890596 0.902545 -0.075143 0.33703 0.257248
228.pcd 5.64911 -2.64584 -0.0891734 0.875424 -0.103807 0.329505 0.338059
229.pcd 5.59985 -2.60847 -0.0872753 0.841305 -0.131247 0.318103 0.416882
230.pcd 5.54546 -2.57937 -0.084429 0.801057 -0.157557 0.303541 0.491269
231.pcd 5.48062 -2.56159 -0.0852621 0.753881 -0.181856 0.288506 0.561565
232.pcd 5.41504 -2.55769 -0.0849911 0.695541 -0.207071 0.269606 0.632975
233.pcd 5.53091 -2.06576 -0.0842545 0.734746 -0.192187 0.281921 0.586287
234.pcd 5.58339 -1.5663 -0.0897672 0.704273 -0.204759 0.272035 0.622953
235.pcd 5.6018 -1.04926 -0.0918907 0.688877 -0.211907 0.267682 0.639445
236.pcd 5.62668 -0.529634 -0.0958546 0.681308 -0.214428 0.262523 0.648785
237.pcd 5.59191 -0.000761433 -0.0962039 0.650648 -0.224508 0.250318 0.680878
238.pcd 5.56624 0.52947 -0.099395 0.650831 -0.224797 0.252524 0.679792
239.pcd 5.54021 1.05562 -0.102353 0.651015 -0.225385 0.253875 0.678917
240.pcd 5.51617 1.55892 -0.108874 0.651307 -0.226618 0.255695 0.677543
241.pcd 5.4974 2.06389 -0.111791 0.651767 -0.22459 0.256466 0.677484
242.pcd 5.48125 2.57311 -0.116851 0.651446 -0.223983 0.257572 0.677574
243.pcd 5.46375 3.0749 -0.117417 0.652618 -0.223508 0.255727 0.677301
244.pcd 5.45268 3.61367 -0.119969 0.652993 -0.223624 0.258261 0.675939
245.pcd 5.43064 4.14161 -0.11935 0.654872 -0.221331 0.254967 0.676126
246.pcd 5.41789 4.65204 -0.124666 0.654514 -0.22457 0.259145 0.673813
247.pcd 5.3444 4.80005 -0.127287 0.58543 -0.246454 0.234257 0.735973
248.pcd 5.28507 4.77374 -0.125577 0.516646 -0.263718 0.210167 0.786994
249.pcd 5.23395 4.7376 -0.123373 0.443579 -0.280756 0.183928 0.831014
250.pcd 5.18239 4.6951 -0.119662 0.366438 -0.295262 0.155184 0.868597
251.pcd 5.11917 4.65035 -0.11681 0.277747 -0.308168 0.122451 0.901607
252.pcd 5.07019 4.60366 -0.114608 0.189669 -0.317573 0.0895607 0.924744
253.pcd 5.05331 4.53274 -0.112977 0.095882 -0.322273 0.0534387 0.940261
254.pcd 4.53843 4.53308 -0.0960188 0.0312384 -0.324642 0.0305933 0.944826
255.pcd 4.01902 4.56858 -0.0874582 0.0316961 -0.328981 0.0300289 0.943327
256.pcd 3.51166 4.60363 -0.0750041 0.0307116 -0.329375 0.0299621 0.943224
257.pcd 3.00163 4.64155 -0.0623341 0.0208108 -0.327807 0.0273629 0.944119
258.pcd 2.48172 4.59934 -0.0479667 -0.0172998 -0.328675 0.0113651 0.944216
259.pcd 1.96885 4.57886 -0.0354302 -0.0167359 -0.327562 0.0101309 0.944627
260.pcd 1.44819 4.55722 -0.0221167 -0.0157591 -0.326905 0.0111674 0.94486
261.pcd 0.941592 4.53612 -0.0148739 -0.0147546 -0.328578 0.0116558 0.94429
262.pcd 0.441426 4.51175 -0.00768768 -0.0162695 -0.330124 0.0115997 0.943726
263.pcd 0.455649 4.44067 -0.00617689 -0.107089 -0.329111 -0.0210358 0.937963
264.pcd 0.48198 4.38161 -0.0069436 -0.193627 -0.325062 -0.0535353 0.924109
265.pcd 0.521323 4.32238 -0.00884817 -0.281883 -0.318003 -0.0869358 0.901032
266.pcd 0.565099 4.27285 -0.00775477 -0.366584 -0.308473 -0.11885 0.869675
267.pcd 0.622073 4.23258 -0.00752085 -0.447613 -0.295933 -0.149907 0.830418
268.pcd 0.679125 4.20813 -0.0078947 0.52199 0.281691 0.177764 -0.785224
269.pcd 0.742469 4.19424 -0.00953744 0.590467 0.264768 0.20401 -0.734593
270.pcd 0.805801 4.19391 -0.00993565 0.6528 0.246085 0.228837 -0.678917
271.pcd 0.771249 3.68445 -0.00475175 0.64481 0.247727 0.224008 -0.687512
272.pcd 0.741158 3.18363 -0.00282967 0.643071 0.248378 0.225766 -0.688329
273.pcd 0.676385 2.66913 -0.00145993 0.620675 0.252108 0.216273 -0.710233
274.pcd 0.711551 2.16166 -0.00124692 0.670145 0.238817 0.235656 -0.662072
275.pcd 0.724136 1.6547 -0.00146536 0.672429 0.238544 0.237354 -0.659241
276.pcd 0.741581 1.13956 -0.00455431 0.670704 0.238944 0.239035 -0.660246
277.pcd 0.75392 0.60969 -0.00446102 0.670871 0.238955 0.237567 -0.660602
278.pcd 0.764242 0.0994139 -0.00710929 0.671297 0.24112 0.236392 -0.659804
279.pcd 0.84037 -0.340104 -0.00589918 0.728685 0.216873 0.259 -0.595737
280.pcd 0.91751 -0.314142 -0.00985053 0.790272 0.188603 0.282659 -0.509905
281.pcd 0.985858 -0.266772 -0.0114708 0.841434 0.15757 0.302659 -0.418996
282.pcd 1.03839 -0.206233 -0.0109971 0.882166 0.124968 0.320764 -0.321367
283.pcd 1.07791 -0.13343 -0.0147506 0.912178 0.0897546 0.333897 -0.219974
284.pcd 1.10084 -0.0556502 -0.0153731 0.930835 0.0542142 0.341617 -0.117916
285.pcd 1.11159 0.0208104 -0.0131707 0.938043 0.020913 0.345167 -0.0223254
286.pcd 1.11355 0.0931413 -0.0107062 0.935205 -0.0103181 0.346992 0.0698703
287.pcd 1.11453 0.0314268 -0.0123 0.938039 0.0194678 0.345503 -0.018219
288.pcd 0.606738 0.0443649 -0.00786403 0.93797 0.0210253 0.345321 -0.0228828
289.pcd 0.106323 0.060713 0.0024492 0.937315 0.00586943 0.347265 0.0285214
290.pcd 0.606319 0.0999586 -0.00603246 0.937945 0.00595997 0.3459 0.0240013
291.pcd 1.14018 0.129919 -0.0124642 0.938225 0.00786095 0.34515 0.0233341
292.pcd 1.67983 0.158928 -0.0181464 0.937829 0.00842917 0.346315 0.0217362
293.pcd 2.22312 0.184769 -0.0312133 0.937145 0.00835232 0.348186 0.0213474
294.pcd 2.7592 0.211847 -0.0409506 0.937289 0.00906395 0.347893 0.0194113
295.pcd 3.29367 0.234143 -0.0533545 0.937903 0.00945028 0.346236 0.0191992
296.pcd 3.82949 0.255641 -0.0631363 0.93809 0.010101 0.34581 0.0173552
297.pcd 3.9763 0.188771 -0.0680048 0.935281 0.0428404 0.343473 -0.0737594
298.pcd 3.96533 0.122183 -0.0667627 0.92468 0.0731449 0.337737 -0.159847
299.pcd 3.94491 0.0579163 -0.0660115 0.905386 0.101414 0.331096 -0.245697
300.pcd 3.90881 0.00147889 -0.0662283 0.879207 0.129273 0.320455 -0.328013
301.pcd 3.86075 -0.040781 -0.0663825 0.846806 0.154898 0.307211 -0.405645
302.pcd 3.80906 -0.0797163 -0.0650255 0.807579 0.180304 0.291421 -0.47998
303.pcd 3.75695 -0.106283 -0.0655951 0.761578 0.203864 0.27335 -0.551107
304.pcd 3.69462 -0.128169 -0.0614526 0.709285 0.226915 0.25189 -0.618042
305.pcd 3.63199 -0.136284 -0.060588 0.650484 0.247609 0.228485 -0.680702
306.pcd 3.5723 -0.135303 -0.0604589 0.586521 0.26745 0.203999 -0.736782
307.pcd 3.5134 -0.11769 -0.0593606 0.516379 0.283199 0.177212 -0.78851
308.pcd 3.4555 -0.0915883 -0.0560001 -0.443669 -0.296811 -0.150167 0.832172
309.pcd 3.40816 -0.0571603 -0.0549719 -0.368421 -0.307797 -0.120511 0.86891
310.pcd 3.3694 -0.0110398 -0.0541088 -0.289616 -0.316676 -0.090843 0.898658
311.pcd 3.33621 0.0452077 -0.0516007 -0.207887 -0.323317 -0.0602069 0.921208
312.pcd 3.31406 0.107825 -0.04983 -0.123919 -0.327411 -0.0290078 0.936272
313.pcd 3.30558 0.188957 -0.0490787 -0.0172533 -0.330158 0.00992144 0.943716
314.pcd 3.81592 0.163091 -0.0613231 0.00794179 -0.329661 0.0182514 0.943889
315.pcd 4.32148 0.154344 -0.0736082 -0.00656818 -0.328824 0.0131778 0.944276
316.pcd 4.55353 0.245218 -0.0778094 0.118587 -0.324167 0.0587306 0.936698
317.pcd 4.56857 0.310486 -0.0782288 0.200052 -0.317965 0.0888471 0.922488
318.pcd 4.59471 0.374184 -0.0797222 0.281761 -0.309194 0.11936 0.900424
319.pcd 4.63131 0.433946 -0.0809132 0.361104 -0.297144 0.14789 0.871457
320.pcd 4.67986 0.487548 -0.0819235 0.437672 -0.283472 0.175454 0.835046
321.pcd 4.75119 0.537425 -0.0836215 0.533408 -0.260414 0.210823 0.776668
322.pcd 4.81035 0.561483 -0.0856393 0.600617 -0.241284 0.234216 0.725385
323.pcd 4.78025 1.09187 -0.0884418 0.642453 -0.229786 0.249967 0.687
324.pcd 4.74906 1.59682 -0.0898889 0.643755 -0.228597 0.251885 0.685476
325.pcd 4.72109 2.1054 -0.0889622 0.644193 -0.226968 0.253419 0.68504
326.pcd 4.69077 2.61235 -0.0949813 0.644423 -0.227772 0.254849 0.684026
327.pcd 4.66345 3.14455 -0.0958222 0.646589 -0.228187 0.252616 0.682671
328.pcd 4.7196 3.38284 -0.0962265 0.710491 -0.203185 0.275153 0.614987
329.pcd 4.78474 3.36671 -0.0985946 0.766995 -0.174964 0.294039 0.542814
330.pcd 4.8467 3.34141 -0.100656 0.815473 -0.147653 0.310669 0.465496
331.pcd 4.90193 3.31113 -0.105101 0.853532 -0.122225 0.323882 0.389417
332.pcd 4.95058 3.27819 -0.103582 0.884852 -0.0954891 0.334609 0.309766
333.pcd 4.99383 3.22529 -0.103322 0.909265 -0.0662829 0.342386 0.227191
334.pcd 5.02905 3.16885 -0.102326 0.925932 -0.0374048 0.347088 0.144154
335.pcd 5.05281 3.10815 -0.104001 0.934624 -0.0086628 0.350548 0.0593169
336.pcd 5.06234 3.04102 -0.10029 0.937243 0.0214958 0.347029 -0.026172
337.pcd 5.0589 2.96551 -0.101045 0.931073 0.0529203 0.343199 -0.111881
338.pcd 5.04499 2.89964 -0.0986209 0.917371 0.0821622 0.336999 -0.195221
339.pcd 5.01892 2.84075 -0.0962413 0.89623 0.111335 0.327092 -0.278185
340.pcd 4.97696 2.78534 -0.0954918 0.866871 0.138027 0.314681 -0.361192
341.pcd 4.928 2.73779 -0.0936053 0.831031 0.164586 0.299794 -0.438659
342.pcd 4.87453 2.69905 -0.0951158 0.788433 0.189163 0.282637 -0.512549
343.pcd 4.81987 2.6707 -0.0906535 0.740148 0.21192 0.263042 -0.581447
344.pcd 4.75542 2.65499 -0.0897588 0.684637 0.233478 0.240706 -0.647164
345.pcd 4.68832 2.6502 -0.0891379 0.624146 0.254252 0.216689 -0.706289
346.pcd 4.62477 2.65224 -0.0862404 0.556654 0.272024 0.192037 -0.761092
347.pcd 4.56325 2.67369 -0.0852283 -0.486046 -0.287954 -0.165804 0.808301
348.pcd 4.50523 2.70886 -0.0828215 -0.411372 -0.301059 -0.137433 0.849264
349.pcd 4.44652 2.76381 -0.0803993 -0.320292 -0.312962 -0.101352 0.888367
350.pcd 4.40473 2.82679 -0.0799202 -0.222362 -0.321522 -0.0643618 0.91817
351.pcd 4.37605 2.8927 -0.0803361 -0.130919 -0.325856 -0.0299038 0.935833
352.pcd 4.36795 2.95563 -0.0823522 -0.042278 -0.326834 0.00369714 0.944129
353.pcd 4.35401 3.02581 -0.0819756 0.0455534 -0.327011 0.0362456 0.943226
354.pcd 4.33808 2.94824 -0.0808912 -0.050446 -0.326991 0.00100871 0.943679
355.pcd 4.35583 2.86984 -0.0789539 -0.14997 -0.325023 -0.036742 0.933016
356.pcd 4.38964 2.79939 -0.0801459 -0.251521 -0.318544 -0.0742547 0.910908
357.pcd 4.43168 2.74611 -0.0803338 -0.338035 -0.310233 -0.106893 0.882078
358.pcd 4.4951 2.69146 -0.0813026 -0.429009 -0.298422 -0.143148 0.840478
359.pcd 4.56004 2.65201 -0.0836787 0.50743 0.284078 0.173023 -0.794907
360.pcd 4.62985 2.62898 -0.0869302 0.580456 0.266335 0.200937 -0.742805
361.pcd 4.58111 2.11886 -0.0842191 0.626796 0.253173 0.217359 -0.70412
362.pcd 4.53016 1.60523 -0.0826153 0.626233 0.255767 0.219788 -0.702929
363.pcd 4.47359 1.07169 -0.0810947 0.626289 0.255551 0.219355 -0.703092
364.pcd 4.41871 0.531043 -0.0804348 0.626103 0.256542 0.219522 -0.702845
365.pcd 4.36299 0.00250267 -0.0760524 0.625821 0.254503 0.217813 -0.704368
366.pcd 4.31936 -0.540393 -0.0747118 0.644706 0.248132 0.227504 -0.686314
367.pcd 4.39869 -1.0717 -0.074628 0.698589 0.22965 0.246355 -0.631303
368.pcd 4.53584 -1.59686 -0.0821947 0.735177 0.217719 0.260664 -0.586657
369.pcd 4.67428 -2.11205 -0.0843376 0.741375 0.214517 0.260313 -0.580157
370.pcd 4.80254 -2.59634 -0.0817929 0.74101 0.21484 0.261902 -0.579788
371.pcd 4.79527 -2.79667 -0.0794397 0.687404 0.235005 0.24025 -0.643839
372.pcd 4.7271 -2.8008 -0.0750882 0.614113 0.259585 0.211907 -0.714546
373.pcd 4.66314 -2.78527 -0.0736198 0.541304 0.278009 0.184419 -0.77181
374.pcd 4.59293 -2.75907 -0.0651917 -0.45981 -0.293584 -0.151822 0.824217
375.pcd 4.53658 -2.72146 -0.0624476 -0.374854 -0.30676 -0.120729 0.866491
376.pcd 4.48412 -2.66936 -0.0626448 -0.291883 -0.317062 -0.0890642 0.897966
377.pcd 4.43933 -2.60278 -0.0611699 -0.198926 -0.324755 -0.0530135 0.923121
378.pcd 4.41287 -2.53633 -0.0618565 -0.110302 -0.328292 -0.0199414 0.937902
379.pcd 4.44201 -2.46702 -0.0639548 -0.0244386 -0.327598 0.0122249 0.944422
380.pcd 4.95366 -2.44822 -0.0723735 -0.0165869 -0.3277 0.0154875 0.944509
381.pcd 5.46369 -2.43168 -0.0806929 -0.0167085 -0.323808 0.0155926 0.945847
382.pcd 5.44009 -2.36878 -0.0821179 0.0811889 -0.322564 0.0517692 0.941637
383.pcd 5.44821 -2.30768 -0.0816956 0.163847 -0.318061 0.0828532 0.930122
384.pcd 5.47782 -2.23225 -0.0865014 0.260924 -0.311253 0.116073 0.906403
385.pcd 5.51854 -2.16703 -0.0909222 0.350706 -0.2991 0.149323 0.874784
386.pcd 5.57832 -2.10602 -0.0953708 0.44683 -0.28206 0.183581 0.828905
387.pcd 5.64698 -2.06142 -0.0953869 0.534406 -0.26241 0.213256 0.774644
388.pcd 5.72212 -2.03235 -0.0958793 0.609481 -0.240972 0.241372 0.715685
389.pcd 5.67259 -1.51244 -0.092894 0.626262 -0.235001 0.243165 0.702454
390.pcd 5.60773 -0.984258 -0.0986814 0.627714 -0.235614 0.245536 0.700124
391.pcd 5.54899 -0.459906 -0.102313 0.629128 -0.234341 0.246493 0.698945
392.pcd 5.5026 0.0406094 -0.0986027 0.630451 -0.230949 0.244816 0.69947
393.pcd 5.5247 0.447887 -0.101475 0.696288 -0.207258 0.270172 0.63185
394.pcd 5.59058 0.443924 -0.100138 0.751471 -0.182856 0.287206 0.565126
395.pcd 5.65067 0.427545 -0.101256 0.797726 -0.159106 0.30403 0.495868
396.pcd 5.72275 0.398555 -0.101047 0.847565 -0.1269 0.320544 0.403462
397.pcd 5.78879 0.353025 -0.103593 0.886566 -0.0917933 0.335193 0.30532
398.pcd 5.83118 0.284328 -0.107849 0.913899 -0.058459 0.34368 0.207979
399.pcd 5.85883 0.216137 -0.1096 0.928393 -0.0284669 0.349775 0.122205
400.pcd 5.87842 0.142769 -0.116405 0.935226 0.00374957 0.352614 0.0316409
401.pcd 5.35229 0.11788 -0.0973612 0.937231 0.0264683 0.346668 -0.0267918
402.pcd 4.82908 0.154497 -0.0870345 0.938084 0.0186413 0.345865 -0.00531395
403.pcd 4.43524 0.198426 -0.0783916 0.935315 -0.0109379 0.345204 0.0768175
404.pcd 3.94166 0.06752 -0.0699426 0.937752 0.0146599 0.346996 -0.000293305
405.pcd 3.41384 0.0632616 -0.0547735 0.938216 0.0205959 0.345122 -0.0147531
406.pcd 2.88865 0.10533 -0.047099 0.937233 0.014512 0.348399 0.00147052
407.pcd 2.38723 0.103109 -0.0332782 0.937804 0.00867064 0.34651 0.0194824
408.pcd 1.86896 0.0786474 -0.0220328 0.938259 0.00782036 0.345133 0.0221854
409.pcd 1.35284 0.0441228 -0.0151751 0.937636 -0.000396078 0.344998 0.0425925
410.pcd 0.831639 0.00296962 -0.0116556 0.938688 0.0150915 0.344339 -0.00821094
411.pcd 0.312886 0.00265188 -0.00530068 0.938489 0.0170635 0.344798 -0.00790998
